0 0.110688 0.773667 0.190625 0.450000
4 0.071542 0.212259 0.095312 0.130556
6 0.079172 0.546750 0.080729 0.230556
6 0.829698 0.881352 0.114062 0.233333
7 0.584922 0.503194 0.045312 0.140741
6 0.242500 0.198907 0.040104 0.059259
7 0.781714 0.518380 0.054688 0.109259
6 0.832635 0.354787 0.032292 0.066667
2 0.858995 0.393352 0.044271 0.100000
7 0.140786 0.371880 0.031771 0.123148
6 0.037021 0.367120 0.042188 0.128704
7 0.039865 0.453778 0.030208 0.140741
7 0.809401 0.547250 0.043750 0.122222
7 0.840052 0.580093 0.036458 0.131481
4 0.392396 0.190546 0.112500 0.161111
7 0.751833 0.461148 0.040625 0.103704
2 0.834500 0.427500 0.055208 0.102778
7 0.873135 0.599935 0.037500 0.119444
2 0.727458 0.417463 0.092188 0.132407
4 0.011339 0.219907 0.022396 0.112963
7 0.884526 0.516222 0.029687 0.104630
0 0.067385 0.314000 0.064062 0.096296
7 0.863219 0.521704 0.031771 0.108333
7 0.821370 0.470472 0.030208 0.075000
7 0.783943 0.437889 0.026042 0.079630
1 0.293208 0.210593 0.062500 0.057407
5 0.881922 0.323574 0.041667 0.123148
8 0.835359 0.277500 0.033333 0.094444
3 0.727458 0.417463 0.092188 0.132407
2 0.798740 0.362306 0.030208 0.074074
6 0.798740 0.362306 0.030208 0.074074
0 0.834500 0.427500 0.055208 0.102778
0 0.293208 0.210593 0.062500 0.057407
0 0.110688 0.773667 0.190625 0.450000
4 0.071542 0.212259 0.095312 0.130556
6 0.079172 0.546750 0.080729 0.230556
6 0.829698 0.881352 0.114062 0.233333
7 0.584922 0.503194 0.045312 0.140741
6 0.242500 0.198907 0.040104 0.059259
7 0.781714 0.518380 0.054688 0.109259
6 0.832635 0.354787 0.032292 0.066667
2 0.858995 0.393352 0.044271 0.100000
7 0.140786 0.371880 0.031771 0.123148
6 0.037021 0.367120 0.042188 0.128704
7 0.039865 0.453778 0.030208 0.140741
7 0.809401 0.547250 0.043750 0.122222
7 0.840052 0.580093 0.036458 0.131481
4 0.392396 0.190546 0.112500 0.161111
7 0.751833 0.461148 0.040625 0.103704
2 0.834500 0.427500 0.055208 0.102778
7 0.873135 0.599935 0.037500 0.119444
2 0.727458 0.417463 0.092188 0.132407
4 0.011339 0.219907 0.022396 0.112963
7 0.884526 0.516222 0.029687 0.104630
0 0.067385 0.314000 0.064062 0.096296
7 0.863219 0.521704 0.031771 0.108333
7 0.821370 0.470472 0.030208 0.075000
7 0.783943 0.437889 0.026042 0.079630
1 0.293208 0.210593 0.062500 0.057407
5 0.881922 0.323574 0.041667 0.123148
8 0.835359 0.277500 0.033333 0.094444
3 0.727458 0.417463 0.092188 0.132407
2 0.798740 0.362306 0.030208 0.074074
6 0.798740 0.362306 0.030208 0.074074
0 0.834500 0.427500 0.055208 0.102778
0 0.293208 0.210593 0.062500 0.057407
6 0.204687 0.190741 0.033333 0.075926
0 0.110688 0.773667 0.190625 0.450000
4 0.071542 0.212259 0.095312 0.130556
6 0.079172 0.546750 0.080729 0.230556
6 0.829698 0.881352 0.114062 0.233333
7 0.584922 0.503194 0.045312 0.140741
6 0.242500 0.198907 0.040104 0.059259
7 0.781714 0.518380 0.054688 0.109259
6 0.832635 0.354787 0.032292 0.066667
2 0.858995 0.393352 0.044271 0.100000
7 0.140786 0.371880 0.031771 0.123148
6 0.037021 0.367120 0.042188 0.128704
7 0.039865 0.453778 0.030208 0.140741
7 0.809401 0.547250 0.043750 0.122222
7 0.840052 0.580093 0.036458 0.131481
4 0.392396 0.190546 0.112500 0.161111
7 0.751833 0.461148 0.040625 0.103704
0 0.834500 0.427500 0.055208 0.102778
7 0.873135 0.599935 0.037500 0.119444
0 0.727458 0.417463 0.092188 0.132407
4 0.011339 0.219907 0.022396 0.112963
7 0.884526 0.516222 0.029687 0.104630
0 0.067385 0.314000 0.064062 0.096296
7 0.863219 0.521704 0.031771 0.108333
7 0.821370 0.470472 0.030208 0.075000
7 0.783943 0.437889 0.026042 0.079630
0 0.293208 0.210593 0.062500 0.057407
4 0.881922 0.323574 0.041667 0.123148
8 0.835359 0.277500 0.033333 0.094444
0 0.727458 0.417463 0.092188 0.132407
2 0.798740 0.362306 0.030208 0.074074
6 0.798740 0.362306 0.030208 0.074074
0 0.834500 0.427500 0.055208 0.102778
0 0.293208 0.210593 0.062500 0.057407
6 0.644823 0.246481 0.145313 0.299074
6 0.916359 0.135370 0.120313 0.262037
2 0.162281 0.148454 0.212500 0.204630
0 0.451453 0.045222 0.119792 0.090741
6 0.591047 0.036472 0.089063 0.073148
2 0.198625 0.817056 0.395313 0.363889
2 0.198625 0.817056 0.395313 0.363889
0 0.110688 0.773667 0.190625 0.450000
4 0.071542 0.212259 0.095312 0.130556
6 0.079172 0.546750 0.080729 0.230556
6 0.829698 0.881352 0.114062 0.233333
7 0.584922 0.503194 0.045312 0.140741
6 0.242500 0.198907 0.040104 0.059259
7 0.781714 0.518380 0.054688 0.109259
6 0.832635 0.354787 0.032292 0.066667
2 0.858995 0.393352 0.044271 0.100000
7 0.140786 0.371880 0.031771 0.123148
6 0.037021 0.367120 0.042188 0.128704
7 0.039865 0.453778 0.030208 0.140741
7 0.809401 0.547250 0.043750 0.122222
7 0.840052 0.580093 0.036458 0.131481
4 0.392396 0.190546 0.112500 0.161111
7 0.751833 0.461148 0.040625 0.103704
2 0.834500 0.427500 0.055208 0.102778
7 0.873135 0.599935 0.037500 0.119444
2 0.727458 0.417463 0.092188 0.132407
4 0.011339 0.219907 0.022396 0.112963
7 0.884526 0.516222 0.029687 0.104630
0 0.067385 0.314000 0.064062 0.096296
7 0.863219 0.521704 0.031771 0.108333
7 0.821370 0.470472 0.030208 0.075000
7 0.783943 0.437889 0.026042 0.079630
1 0.293208 0.210593 0.062500 0.057407
5 0.881922 0.323574 0.041667 0.123148
8 0.835359 0.277500 0.033333 0.094444
3 0.727458 0.417463 0.092188 0.132407
2 0.798740 0.362306 0.030208 0.074074
6 0.798740 0.362306 0.030208 0.074074
0 0.834500 0.427500 0.055208 0.102778
0 0.293208 0.210593 0.062500 0.057407
6 0.644823 0.246481 0.145313 0.299074
8 0.916359 0.135370 0.120313 0.262037
2 0.162281 0.148454 0.212500 0.204630
0 0.451453 0.045222 0.119792 0.090741
6 0.591047 0.036472 0.089063 0.073148
2 0.198625 0.817056 0.395313 0.363889
3 0.198625 0.817056 0.395313 0.363889
6 0.251516 0.874944 0.204167 0.249074
1 0.584271 0.422880 0.154167 0.243519
7 0.620547 0.050352 0.033854 0.081481
6 0.243953 0.045759 0.051042 0.090741
3 0.374839 0.293287 0.115625 0.230556
2 0.371750 0.142657 0.091667 0.135185
7 0.242932 0.192750 0.044271 0.174074
7 0.582161 0.042481 0.033333 0.066667
4 0.472078 0.026231 0.093229 0.052778
6 0.700229 0.452102 0.079687 0.213889
6 0.595557 0.220074 0.038021 0.090741
7 0.786885 0.511352 0.057292 0.184259
7 0.484698 0.460583 0.060937 0.203704
7 0.499578 0.325861 0.036458 0.112037
7 0.532635 0.215333 0.025000 0.078704
7 0.562052 0.203231 0.020313 0.073148
0 0.306995 0.193602 0.077083 0.087037
7 0.454255 0.150352 0.018750 0.060185
7 0.733901 0.293139 0.055208 0.101852
6 0.620042 0.108000 0.014063 0.031481
7 0.499547 0.144389 0.016146 0.056481
7 0.643594 0.118185 0.010417 0.035185
7 0.510396 0.114926 0.014063 0.040741
1 0.592630 0.164694 0.043229 0.067593
7 0.045818 0.207880 0.022396 0.060185
0 0.680792 0.163657 0.031250 0.050926
7 0.691969 0.189880 0.019271 0.057407
6 0.644823 0.246481 0.145313 0.299074
6 0.916359 0.135370 0.120313 0.262037
2 0.162281 0.148454 0.212500 0.204630
0 0.451453 0.045222 0.119792 0.090741
6 0.591047 0.036472 0.089063 0.073148
2 0.198625 0.817056 0.395313 0.363889
3 0.198625 0.817056 0.395313 0.363889
6 0.700229 0.452102 0.079687 0.213889
6 0.595557 0.220074 0.038021 0.090741
7 0.786885 0.511352 0.057292 0.184259
7 0.484698 0.460583 0.060937 0.203704
7 0.499578 0.325861 0.036458 0.112037
7 0.532635 0.215333 0.025000 0.078704
7 0.562052 0.203231 0.020313 0.073148
3 0.306995 0.193602 0.077083 0.087037
7 0.454255 0.150352 0.018750 0.060185
7 0.733901 0.293139 0.055208 0.101852
6 0.620042 0.108000 0.014063 0.031481
7 0.499547 0.144389 0.016146 0.056481
7 0.643594 0.118185 0.010417 0.035185
7 0.510396 0.114926 0.014063 0.040741
3 0.592630 0.164694 0.043229 0.067593
7 0.045818 0.207880 0.022396 0.060185
2 0.680792 0.163657 0.031250 0.050926
7 0.691969 0.189880 0.019271 0.057407
3 0.110688 0.773667 0.190625 0.450000
4 0.071542 0.212259 0.095312 0.130556
6 0.079172 0.546750 0.080729 0.230556
6 0.829698 0.881352 0.114062 0.233333
7 0.584922 0.503194 0.045312 0.140741
6 0.242500 0.198907 0.040104 0.059259
7 0.781714 0.518380 0.054688 0.109259
6 0.832635 0.354787 0.032292 0.066667
2 0.858995 0.393352 0.044271 0.100000
7 0.140786 0.371880 0.031771 0.123148
6 0.037021 0.367120 0.042188 0.128704
7 0.039865 0.453778 0.030208 0.140741
7 0.809401 0.547250 0.043750 0.122222
7 0.840052 0.580093 0.036458 0.131481
4 0.392396 0.190546 0.112500 0.161111
7 0.751833 0.461148 0.040625 0.103704
2 0.834500 0.427500 0.055208 0.102778
7 0.873135 0.599935 0.037500 0.119444
3 0.727458 0.417463 0.092188 0.132407
4 0.011339 0.219907 0.022396 0.112963
7 0.884526 0.516222 0.029687 0.104630
0 0.067385 0.314000 0.064062 0.096296
7 0.863219 0.521704 0.031771 0.108333
7 0.821370 0.470472 0.030208 0.075000
7 0.783943 0.437889 0.026042 0.079630
0 0.293208 0.210593 0.062500 0.057407
4 0.881922 0.323574 0.041667 0.123148
8 0.835359 0.277500 0.033333 0.094444
3 0.727458 0.417463 0.092188 0.132407
2 0.798740 0.362306 0.030208 0.074074
6 0.798740 0.362306 0.030208 0.074074
0 0.834500 0.427500 0.055208 0.102778
0 0.293208 0.210593 0.062500 0.057407
6 0.587755 0.023426 0.036458 0.047222
0 0.116276 0.090463 0.057813 0.082407
1 0.116276 0.090463 0.057813 0.082407
7 0.148609 0.103463 0.032813 0.062037
6 0.700229 0.452102 0.079687 0.213889
6 0.595557 0.220074 0.038021 0.090741
7 0.786885 0.511352 0.057292 0.184259
7 0.484698 0.460583 0.060937 0.203704
7 0.499578 0.325861 0.036458 0.112037
7 0.532635 0.215333 0.025000 0.078704
7 0.562052 0.203231 0.020313 0.073148
0 0.306995 0.193602 0.077083 0.087037
7 0.454255 0.150352 0.018750 0.060185
7 0.733901 0.293139 0.055208 0.101852
6 0.620042 0.108000 0.014063 0.031481
7 0.499547 0.144389 0.016146 0.056481
7 0.643594 0.118185 0.010417 0.035185
7 0.510396 0.114926 0.014063 0.040741
3 0.592630 0.164694 0.043229 0.067593
7 0.045818 0.207880 0.022396 0.060185
0 0.680792 0.163657 0.031250 0.050926
7 0.691969 0.189880 0.019271 0.057407
7 0.719010 0.217130 0.025521 0.045370
4 0.573177 0.093056 0.041146 0.062037
1 0.547917 0.118519 0.030208 0.040741
8 0.335417 0.145370 0.066667 0.098148
7 0.730208 0.264815 0.052083 0.048148
6 0.700229 0.452102 0.079687 0.213889
6 0.595557 0.220074 0.038021 0.090741
7 0.786885 0.511352 0.057292 0.184259
7 0.484698 0.460583 0.060937 0.203704
7 0.499578 0.325861 0.036458 0.112037
7 0.532635 0.215333 0.025000 0.078704
7 0.562052 0.203231 0.020313 0.073148
0 0.306995 0.193602 0.077083 0.087037
7 0.454255 0.150352 0.018750 0.060185
7 0.733901 0.311194 0.055208 0.065741
6 0.620042 0.108000 0.014063 0.031481
7 0.499547 0.144389 0.016146 0.056481
7 0.643594 0.118185 0.010417 0.035185
7 0.510396 0.114926 0.014063 0.040741
0 0.592630 0.164694 0.043229 0.067593
7 0.045818 0.207880 0.022396 0.060185
0 0.680792 0.163657 0.031250 0.050926
7 0.691969 0.189880 0.019271 0.057407
0 0.110688 0.773667 0.190625 0.450000
4 0.071542 0.212259 0.095312 0.130556
6 0.079172 0.546750 0.080729 0.230556
6 0.829698 0.881352 0.114062 0.233333
7 0.584922 0.503194 0.045312 0.140741
6 0.242500 0.198907 0.040104 0.059259
7 0.781714 0.518380 0.054688 0.109259
6 0.832635 0.354787 0.032292 0.066667
2 0.858995 0.393352 0.044271 0.100000
7 0.140786 0.371880 0.031771 0.123148
6 0.037021 0.367120 0.042188 0.128704
7 0.039865 0.453778 0.030208 0.140741
7 0.809401 0.547250 0.043750 0.122222
7 0.840052 0.580093 0.036458 0.131481
4 0.392396 0.190546 0.112500 0.161111
7 0.751833 0.461148 0.040625 0.103704
2 0.834500 0.427500 0.055208 0.102778
7 0.873135 0.599935 0.037500 0.119444
2 0.727458 0.417463 0.092188 0.132407
4 0.011339 0.219907 0.022396 0.112963
7 0.884526 0.516222 0.029687 0.104630
0 0.067385 0.314000 0.064062 0.096296
7 0.863219 0.521704 0.031771 0.108333
7 0.821370 0.470472 0.030208 0.075000
7 0.783943 0.437889 0.026042 0.079630
0 0.293208 0.210593 0.062500 0.057407
5 0.881922 0.323574 0.041667 0.123148
8 0.835359 0.277500 0.033333 0.094444
3 0.727458 0.417463 0.092188 0.132407
2 0.798740 0.362306 0.030208 0.074074
6 0.798740 0.362306 0.030208 0.074074
2 0.834500 0.427500 0.055208 0.102778
0 0.293208 0.210593 0.062500 0.057407
7 0.873135 0.599935 0.037500 0.119444
3 0.110688 0.773667 0.190625 0.450000
4 0.071542 0.212259 0.095312 0.130556
6 0.079172 0.546750 0.080729 0.230556
6 0.829698 0.881352 0.114062 0.233333
7 0.584922 0.503194 0.045312 0.140741
6 0.242500 0.198907 0.040104 0.059259
7 0.781714 0.518380 0.054688 0.109259
6 0.832635 0.354787 0.032292 0.066667
2 0.858995 0.393352 0.044271 0.100000
7 0.140786 0.371880 0.031771 0.123148
6 0.037021 0.367120 0.042188 0.128704
7 0.039865 0.453778 0.030208 0.140741
7 0.809401 0.547250 0.043750 0.122222
7 0.840052 0.580093 0.036458 0.131481
4 0.392396 0.190546 0.112500 0.161111
7 0.751833 0.461148 0.040625 0.103704
0 0.834500 0.427500 0.055208 0.102778
3 0.727458 0.417463 0.092188 0.132407
9 0.011339 0.219907 0.022396 0.112963
7 0.884526 0.516222 0.029687 0.104630
0 0.067385 0.314000 0.064062 0.096296
7 0.863219 0.521704 0.031771 0.108333
7 0.821370 0.470472 0.030208 0.075000
7 0.783943 0.437889 0.026042 0.079630
0 0.293208 0.210593 0.062500 0.057407
4 0.881922 0.323574 0.041667 0.123148
8 0.835359 0.277500 0.033333 0.094444
3 0.727458 0.417463 0.092188 0.132407
2 0.798740 0.362306 0.030208 0.074074
1 0.798740 0.362306 0.030208 0.074074
0 0.834500 0.427500 0.055208 0.102778
0 0.293208 0.210593 0.062500 0.057407
6 0.255573 0.435028 0.106250 0.262963
5 0.481073 0.358481 0.273958 0.365741
3 0.858859 0.452259 0.281250 0.358333
0 0.734896 0.282843 0.154167 0.141667
7 0.407349 0.827769 0.118750 0.337963
2 0.916833 0.340352 0.165104 0.176852
7 0.348344 0.438213 0.061458 0.225926
6 0.332109 0.258685 0.059896 0.153704
7 0.277865 0.258694 0.035937 0.137037
6 0.286875 0.181704 0.051562 0.105556
6 0.788630 0.218944 0.076563 0.112037
7 0.219302 0.171056 0.026042 0.088889
7 0.245016 0.197130 0.035937 0.107407
7 0.188542 0.141963 0.021875 0.069444
6 0.199286 0.116630 0.031250 0.068519
6 0.298932 0.127657 0.042708 0.062037
7 0.156318 0.151093 0.023438 0.074074
6 0.146573 0.109972 0.027604 0.060185
6 0.106490 0.275491 0.059896 0.141667
7 0.953109 0.245491 0.051562 0.061111
7 0.126682 0.128741 0.024479 0.063889
6 0.255573 0.435028 0.106250 0.262963
5 0.481073 0.358481 0.273958 0.365741
3 0.858859 0.452259 0.281250 0.358333
0 0.734896 0.282843 0.154167 0.141667
7 0.407349 0.827769 0.118750 0.337963
0 0.916833 0.340352 0.165104 0.176852
7 0.348344 0.438213 0.061458 0.225926
6 0.332109 0.258685 0.059896 0.153704
7 0.277865 0.258694 0.035937 0.137037
6 0.286875 0.181704 0.051562 0.105556
6 0.788630 0.218944 0.076563 0.112037
7 0.219302 0.171056 0.026042 0.088889
7 0.245016 0.197130 0.035937 0.107407
7 0.188542 0.141963 0.021875 0.069444
6 0.199286 0.116630 0.031250 0.068519
6 0.298932 0.127657 0.042708 0.062037
7 0.156318 0.151093 0.023438 0.074074
6 0.146573 0.109972 0.027604 0.060185
6 0.106490 0.275491 0.059896 0.141667
7 0.953109 0.245491 0.051562 0.061111
7 0.126682 0.128741 0.024479 0.063889
6 0.255573 0.435028 0.106250 0.262963
5 0.481073 0.358481 0.273958 0.365741
3 0.858859 0.452259 0.281250 0.358333
0 0.734896 0.282843 0.154167 0.141667
7 0.407349 0.827769 0.118750 0.337963
0 0.916833 0.340352 0.165104 0.176852
7 0.348344 0.438213 0.061458 0.225926
6 0.332109 0.258685 0.059896 0.153704
7 0.277865 0.258694 0.035937 0.137037
6 0.286875 0.181704 0.051562 0.105556
6 0.788630 0.218944 0.076563 0.112037
7 0.219302 0.171056 0.026042 0.088889
7 0.245016 0.197130 0.035937 0.107407
7 0.188542 0.141963 0.021875 0.069444
6 0.199286 0.116630 0.031250 0.068519
6 0.298932 0.127657 0.042708 0.062037
7 0.156318 0.151093 0.023438 0.074074
6 0.146573 0.109972 0.027604 0.060185
6 0.106490 0.275491 0.059896 0.141667
7 0.953109 0.245491 0.051562 0.061111
7 0.126682 0.128741 0.024479 0.063889
6 0.255573 0.435028 0.106250 0.262963
5 0.481073 0.358481 0.273958 0.365741
3 0.858859 0.452259 0.281250 0.358333
0 0.734896 0.282843 0.154167 0.141667
7 0.407349 0.827769 0.118750 0.337963
0 0.916833 0.340352 0.165104 0.176852
7 0.348344 0.438213 0.061458 0.225926
6 0.332109 0.258685 0.059896 0.153704
7 0.277865 0.258694 0.035937 0.137037
6 0.286875 0.181704 0.051562 0.105556
6 0.788630 0.218944 0.076563 0.112037
7 0.219302 0.171056 0.026042 0.088889
7 0.245016 0.197130 0.035937 0.107407
7 0.188542 0.141963 0.021875 0.069444
6 0.199286 0.116630 0.031250 0.068519
6 0.298932 0.127657 0.042708 0.062037
7 0.156318 0.151093 0.023438 0.074074
6 0.146573 0.109972 0.027604 0.060185
6 0.106490 0.275491 0.059896 0.141667
7 0.953109 0.245491 0.051562 0.061111
7 0.126682 0.128741 0.024479 0.063889
