5 0.567698 0.697861 0.308854 0.601852
7 0.726984 0.484602 0.075000 0.169444
0 0.379906 0.237241 0.055208 0.111111
7 0.426047 0.180028 0.021354 0.068519
7 0.539062 0.242500 0.045833 0.092593
1 0.471719 0.109963 0.055208 0.045370
7 0.411271 0.190370 0.021875 0.077778
1 0.403224 0.123620 0.063021 0.053704
7 0.513917 0.206407 0.027083 0.081481
8 0.567698 0.697861 0.308854 0.601852
7 0.726984 0.484602 0.075000 0.169444
0 0.379906 0.237241 0.055208 0.111111
7 0.426047 0.180028 0.021354 0.068519
7 0.539062 0.242500 0.045833 0.092593
1 0.471719 0.109963 0.055208 0.045370
7 0.411271 0.190370 0.021875 0.077778
1 0.403224 0.123620 0.063021 0.053704
7 0.513917 0.206407 0.027083 0.081481
5 0.567698 0.697861 0.308854 0.601852
7 0.726984 0.484602 0.075000 0.169444
0 0.379906 0.237241 0.055208 0.111111
7 0.426047 0.180028 0.021354 0.068519
7 0.539062 0.242500 0.045833 0.092593
1 0.471719 0.109963 0.055208 0.045370
7 0.411271 0.190370 0.021875 0.077778
1 0.403224 0.123620 0.063021 0.053704
7 0.513917 0.206407 0.027083 0.081481
5 0.567698 0.697861 0.308854 0.601852
7 0.726984 0.484602 0.075000 0.169444
0 0.379906 0.237241 0.055208 0.111111
7 0.426047 0.180028 0.021354 0.068519
7 0.539062 0.242500 0.045833 0.092593
1 0.471719 0.109963 0.055208 0.045370
7 0.411271 0.190370 0.021875 0.077778
1 0.403224 0.123620 0.063021 0.053704
7 0.513917 0.206407 0.027083 0.081481
3 0.398438 0.114815 0.062500 0.057407
7 0.597135 0.318056 0.050521 0.117593
8 0.567698 0.697861 0.308854 0.601852
7 0.726984 0.484602 0.075000 0.169444
0 0.379906 0.237241 0.055208 0.111111
7 0.426047 0.180028 0.021354 0.068519
7 0.539062 0.242500 0.045833 0.092593
2 0.471719 0.109963 0.055208 0.045370
7 0.411271 0.190370 0.021875 0.077778
1 0.403224 0.123620 0.063021 0.053704
7 0.513917 0.206407 0.027083 0.081481
5 0.567698 0.697861 0.308854 0.601852
7 0.726984 0.484602 0.075000 0.169444
0 0.379906 0.237241 0.055208 0.111111
7 0.426047 0.180028 0.021354 0.068519
7 0.539062 0.242500 0.045833 0.092593
1 0.471719 0.109963 0.055208 0.045370
7 0.411271 0.190370 0.021875 0.077778
1 0.403224 0.123620 0.063021 0.053704
7 0.513917 0.206407 0.027083 0.081481
5 0.567698 0.697861 0.308854 0.601852
7 0.726984 0.484602 0.075000 0.169444
0 0.379906 0.237241 0.055208 0.111111
7 0.426047 0.180028 0.021354 0.068519
7 0.539062 0.242500 0.045833 0.092593
1 0.471719 0.109963 0.055208 0.045370
7 0.411271 0.190370 0.021875 0.077778
1 0.403224 0.123620 0.063021 0.053704
7 0.513917 0.206407 0.027083 0.081481
8 0.567698 0.697861 0.308854 0.601852
7 0.726984 0.484602 0.075000 0.169444
1 0.379906 0.237241 0.055208 0.111111
7 0.426047 0.180028 0.021354 0.068519
7 0.539062 0.242500 0.045833 0.092593
1 0.471719 0.109963 0.055208 0.045370
7 0.411271 0.190370 0.021875 0.077778
0 0.403224 0.123620 0.063021 0.053704
7 0.513917 0.206407 0.027083 0.081481
4 0.281609 0.324667 0.284375 0.556481
6 0.496891 0.450852 0.127083 0.288889
0 0.819266 0.856287 0.302083 0.287037
7 0.523422 0.644000 0.101042 0.312037
6 0.434958 0.230417 0.076563 0.204630
7 0.386849 0.821861 0.122396 0.355556
6 0.931714 0.352769 0.090625 0.173148
1 0.564276 0.415528 0.130729 0.246296
4 0.869792 0.161259 0.076042 0.285185
2 0.896406 0.417194 0.153646 0.249074
2 0.981312 0.359880 0.037500 0.172222
5 0.659089 0.138204 0.095833 0.273148
2 0.932089 0.252741 0.095312 0.115741
8 0.280932 0.041296 0.138021 0.083333
8 0.659089 0.138204 0.095833 0.273148
8 0.280932 0.041296 0.138021 0.083333
0 0.896406 0.417194 0.153646 0.249074
7 0.170969 0.906639 0.102604 0.185185
7 0.382766 0.518287 0.061458 0.187037
7 0.164406 0.485435 0.047396 0.122222
6 0.108130 0.446231 0.072396 0.134259
7 0.351865 0.351685 0.038542 0.120370
7 0.328188 0.221528 0.021354 0.077778
7 0.974599 0.156157 0.031250 0.090741
6 0.649568 0.018083 0.020313 0.036111
8 0.357437 0.141880 0.083854 0.123148
8 0.344505 0.151685 0.058333 0.110185
5 0.359260 0.136787 0.087500 0.133333
8 0.504687 0.026389 0.026042 0.039815
7 0.170969 0.906639 0.102604 0.185185
7 0.382766 0.518287 0.061458 0.187037
7 0.164406 0.485435 0.047396 0.122222
8 0.108130 0.446231 0.072396 0.134259
7 0.351865 0.351685 0.038542 0.120370
7 0.328188 0.221528 0.021354 0.077778
7 0.974599 0.156157 0.031250 0.090741
6 0.649568 0.018083 0.020313 0.036111
8 0.357437 0.141880 0.083854 0.123148
8 0.344505 0.151685 0.058333 0.110185
5 0.357437 0.141880 0.083854 0.123148
7 0.170969 0.906639 0.102604 0.185185
7 0.382766 0.518287 0.061458 0.187037
7 0.164406 0.485435 0.047396 0.122222
6 0.108130 0.446231 0.072396 0.134259
7 0.351865 0.351685 0.038542 0.120370
7 0.328188 0.221528 0.021354 0.077778
7 0.974599 0.156157 0.031250 0.090741
6 0.649568 0.018083 0.020313 0.036111
8 0.357437 0.141880 0.083854 0.123148
8 0.344505 0.151685 0.058333 0.110185
5 0.360563 0.139565 0.090104 0.127778
7 0.170969 0.906639 0.102604 0.185185
7 0.382766 0.518287 0.061458 0.187037
7 0.164406 0.485435 0.047396 0.122222
8 0.108130 0.446231 0.072396 0.134259
7 0.351865 0.351685 0.038542 0.120370
7 0.328188 0.221528 0.021354 0.077778
7 0.974599 0.156157 0.031250 0.090741
6 0.649568 0.018083 0.020313 0.036111
8 0.357437 0.141880 0.083854 0.123148
8 0.344505 0.151685 0.058333 0.110185
5 0.357437 0.141880 0.083854 0.123148
4 0.281609 0.324667 0.284375 0.556481
6 0.496891 0.450852 0.127083 0.288889
0 0.819266 0.856287 0.302083 0.287037
7 0.523422 0.644000 0.101042 0.312037
6 0.434958 0.230417 0.076563 0.204630
7 0.386849 0.821861 0.122396 0.355556
6 0.931714 0.352769 0.090625 0.173148
1 0.564276 0.415528 0.130729 0.246296
4 0.869792 0.161259 0.076042 0.285185
2 0.896406 0.417194 0.153646 0.249074
2 0.981312 0.359880 0.037500 0.172222
9 0.659089 0.138204 0.095833 0.273148
2 0.932089 0.252741 0.095312 0.115741
8 0.280932 0.041296 0.138021 0.083333
9 0.659089 0.138204 0.095833 0.273148
8 0.280932 0.041296 0.138021 0.083333
0 0.896406 0.417194 0.153646 0.249074
4 0.281609 0.324667 0.284375 0.556481
6 0.496891 0.450852 0.127083 0.288889
0 0.819266 0.856287 0.302083 0.287037
7 0.523422 0.644000 0.101042 0.312037
6 0.434958 0.230417 0.076563 0.204630
7 0.386849 0.821861 0.122396 0.355556
6 0.931714 0.352769 0.090625 0.173148
1 0.564276 0.415528 0.130729 0.246296
4 0.869792 0.161259 0.076042 0.285185
2 0.896406 0.417194 0.153646 0.249074
1 0.981312 0.359880 0.037500 0.172222
9 0.659089 0.138204 0.095833 0.273148
0 0.932089 0.252741 0.095312 0.115741
4 0.280932 0.041296 0.138021 0.083333
9 0.659089 0.138204 0.095833 0.273148
8 0.280932 0.041296 0.138021 0.083333
0 0.896406 0.417194 0.153646 0.249074
7 0.170969 0.906639 0.102604 0.185185
7 0.382766 0.518287 0.061458 0.187037
7 0.164406 0.485435 0.047396 0.122222
6 0.108130 0.446231 0.072396 0.134259
7 0.351865 0.351685 0.038542 0.120370
7 0.328188 0.221528 0.021354 0.077778
7 0.974599 0.156157 0.031250 0.090741
6 0.649568 0.018083 0.020313 0.036111
8 0.357437 0.141880 0.083854 0.123148
8 0.344505 0.151685 0.058333 0.110185
5 0.357437 0.141880 0.083854 0.123148
7 0.170969 0.906639 0.102604 0.185185
7 0.382766 0.518287 0.061458 0.187037
7 0.164406 0.485435 0.047396 0.122222
6 0.108130 0.446231 0.072396 0.134259
7 0.351865 0.351685 0.038542 0.120370
7 0.328188 0.221528 0.021354 0.077778
7 0.974599 0.156157 0.031250 0.090741
6 0.649568 0.018083 0.020313 0.036111
8 0.357437 0.141880 0.083854 0.123148
8 0.344505 0.151685 0.058333 0.110185
5 0.357437 0.141880 0.083854 0.123148
4 0.281609 0.324667 0.284375 0.556481
6 0.496891 0.450852 0.127083 0.288889
0 0.819266 0.856287 0.302083 0.287037
7 0.523422 0.644000 0.101042 0.312037
6 0.434958 0.230417 0.076563 0.204630
7 0.386849 0.821861 0.122396 0.355556
6 0.931714 0.352769 0.090625 0.173148
1 0.564276 0.415528 0.130729 0.246296
4 0.869792 0.161259 0.076042 0.285185
2 0.896406 0.417194 0.153646 0.249074
2 0.981312 0.359880 0.037500 0.172222
5 0.659089 0.138204 0.095833 0.273148
2 0.932089 0.252741 0.095312 0.115741
8 0.280932 0.041296 0.138021 0.083333
8 0.659089 0.138204 0.095833 0.273148
8 0.280932 0.041296 0.138021 0.083333
0 0.896406 0.417194 0.153646 0.249074
4 0.281609 0.324667 0.284375 0.556481
6 0.496891 0.450852 0.127083 0.288889
1 0.819266 0.856287 0.302083 0.287037
7 0.523422 0.644000 0.101042 0.312037
6 0.434958 0.230417 0.076563 0.204630
7 0.386849 0.821861 0.122396 0.355556
6 0.931714 0.352769 0.090625 0.173148
1 0.564276 0.415528 0.130729 0.246296
4 0.869792 0.161259 0.076042 0.285185
1 0.896406 0.417194 0.153646 0.249074
1 0.981312 0.359880 0.037500 0.172222
4 0.659089 0.138204 0.095833 0.273148
0 0.932089 0.252741 0.095312 0.115741
8 0.280932 0.041296 0.138021 0.083333
4 0.659089 0.138204 0.095833 0.273148
8 0.280932 0.041296 0.138021 0.083333
0 0.896406 0.417194 0.153646 0.249074
4 0.281609 0.324667 0.284375 0.556481
6 0.496891 0.450852 0.127083 0.288889
0 0.819266 0.856287 0.302083 0.287037
7 0.523422 0.644000 0.101042 0.312037
6 0.434958 0.230417 0.076563 0.204630
7 0.386849 0.821861 0.122396 0.355556
6 0.931714 0.352769 0.090625 0.173148
1 0.564276 0.415528 0.130729 0.246296
4 0.869792 0.161259 0.076042 0.285185
2 0.896406 0.417194 0.153646 0.249074
2 0.981312 0.359880 0.037500 0.172222
5 0.659089 0.138204 0.095833 0.273148
2 0.932089 0.252741 0.095312 0.115741
8 0.280932 0.041296 0.138021 0.083333
9 0.659089 0.138204 0.095833 0.273148
8 0.280932 0.041296 0.138021 0.083333
3 0.896406 0.417194 0.153646 0.249074
4 0.281609 0.324667 0.284375 0.556481
6 0.496891 0.450852 0.127083 0.288889
0 0.819266 0.856287 0.302083 0.287037
7 0.523422 0.644000 0.101042 0.312037
6 0.434958 0.230417 0.076563 0.204630
7 0.386849 0.821861 0.122396 0.355556
6 0.931714 0.352769 0.090625 0.173148
1 0.564276 0.415528 0.130729 0.246296
4 0.869792 0.161259 0.076042 0.285185
2 0.896406 0.417194 0.153646 0.249074
2 0.981312 0.359880 0.037500 0.172222
9 0.659089 0.138204 0.095833 0.273148
0 0.932089 0.252741 0.095312 0.115741
8 0.280932 0.041296 0.138021 0.083333
8 0.659089 0.138204 0.095833 0.273148
4 0.280932 0.041296 0.138021 0.083333
0 0.896406 0.417194 0.153646 0.249074
