6 0.338307 0.344583 0.133333 0.271296
7 0.040646 0.489806 0.079687 0.164815
7 0.822604 0.937046 0.160938 0.121296
1 0.453464 0.185806 0.126562 0.169444
4 0.924245 0.144787 0.145313 0.268519
1 0.740802 0.156213 0.072396 0.115741
3 0.933380 0.205981 0.067708 0.135185
8 0.520885 0.107556 0.069792 0.134259
6 0.121844 0.954880 0.171354 0.090741
6 0.338307 0.344583 0.133333 0.271296
7 0.040646 0.489806 0.079687 0.164815
7 0.822604 0.937046 0.160938 0.121296
0 0.453464 0.185806 0.126562 0.169444
4 0.924245 0.144787 0.145313 0.268519
1 0.740802 0.156213 0.072396 0.115741
1 0.933380 0.205981 0.067708 0.135185
8 0.520885 0.107556 0.069792 0.134259
6 0.121844 0.954880 0.171354 0.090741
4 0.690953 0.543574 0.383854 0.597222
6 0.951510 0.813139 0.096354 0.331481
7 0.469104 0.530176 0.071354 0.247222
6 0.178776 0.075241 0.043229 0.086111
7 0.100974 0.041037 0.022396 0.072222
1 0.218151 0.109343 0.077083 0.116667
3 0.451479 0.353491 0.153125 0.262963
4 0.754875 0.443111 0.347396 0.502778
3 0.293318 0.192963 0.107292 0.162963
2 0.358234 0.166657 0.096354 0.136111
1 0.358234 0.166657 0.096354 0.136111
2 0.451479 0.353491 0.153125 0.262963
6 0.032922 0.067204 0.035937 0.092593
9 0.690953 0.543574 0.383854 0.597222
6 0.951510 0.813139 0.096354 0.331481
7 0.469104 0.530176 0.071354 0.247222
6 0.178776 0.075241 0.043229 0.086111
7 0.100974 0.041037 0.022396 0.072222
1 0.218151 0.109343 0.077083 0.116667
3 0.451479 0.353491 0.153125 0.262963
9 0.754875 0.443111 0.347396 0.502778
3 0.293318 0.192963 0.107292 0.162963
1 0.358234 0.166657 0.096354 0.136111
1 0.358234 0.166657 0.096354 0.136111
2 0.451479 0.353491 0.153125 0.262963
6 0.032922 0.067204 0.035937 0.092593
4 0.690953 0.543574 0.383854 0.597222
6 0.951510 0.813139 0.096354 0.331481
7 0.469104 0.530176 0.071354 0.247222
6 0.178776 0.075241 0.043229 0.086111
7 0.100974 0.041037 0.022396 0.072222
1 0.218151 0.109343 0.077083 0.116667
3 0.451479 0.353491 0.153125 0.262963
5 0.754875 0.443111 0.347396 0.502778
3 0.293318 0.192963 0.107292 0.162963
2 0.358234 0.166657 0.096354 0.136111
1 0.358234 0.166657 0.096354 0.136111
2 0.451479 0.353491 0.153125 0.262963
6 0.032922 0.067204 0.035937 0.092593
4 0.690953 0.543574 0.383854 0.597222
6 0.951510 0.813139 0.096354 0.331481
7 0.469104 0.530176 0.071354 0.247222
6 0.178776 0.075241 0.043229 0.086111
7 0.100974 0.041037 0.022396 0.072222
1 0.218151 0.109343 0.077083 0.116667
3 0.451479 0.353491 0.153125 0.262963
9 0.754875 0.443111 0.347396 0.502778
0 0.293318 0.192963 0.107292 0.162963
2 0.358234 0.166657 0.096354 0.136111
1 0.358234 0.166657 0.096354 0.136111
2 0.451479 0.353491 0.153125 0.262963
6 0.032922 0.067204 0.035937 0.092593
